Research Data 									
Name	YEAR	GDP	VRF	TWPE	DFI	RSCG	NIIU	VTI	RA
Handan	2010	2361.56	22669	2.42	2131.5	717.17	60	767.1	2983
Handan	2011	2789.03	26548	2.36	2491	845.2	77	910.2	3184
Handan	2012	3024.29	31901	2.46	2924.29	973.68	92	1019	3259
Handan	2013	3061.5	34565	2.95	3431.49	1106.18	100	1079.7	3157
Handan	2014	3080.01	35235	3.24	3747.57	1242.4	108	1133.4	3126
Handan	2015	3145.43	38704	3.05	4139.53	1364.5	113	1241.9	3161
Handan	2016	3337.09	18744	3.09	4621.1	1508.9	148	1343.5	3811
Handan	2017	3666.3	20867	2.46	5039.9	1674.2	174	1477.2	4134
Handan	2018	3454.57	23321	2.62	5653.7	1686.8	190	1583.3	4167
Handan	2019	3486	22864	2.16	6459.2	1831.1	232	1589.1	4173
Handan	2020	3637	22928	1.41	7337.88	1200.86	259	1688.6	4197
Handan	2021	4114.8	22653	1.5	8287.2	1276	308	1838.89	4608
Xingtai	2010	1212.09	9399	0.99	1579.03	460.72	48	346.85	1278
Xingtai	2011	1428.92	11762	0.93	1824.67	542.05	61	414.1	1435
Xingtai	2012	1532.06	13328	0.86	2053.79	624.05	71	462.1	1980
Xingtai	2013	1604.58	14320	1.22	2379.23	708.46	81	492.9	1367
Xingtai	2014	1646.94	11428	0.92	2669.3	796.2	92	558.2	1461
Xingtai	2015	1764.73	18711	0.96	2936.91	875.3	102	695.5	1519
Xingtai	2016	1975.75	7972	0.96	3335.3	969.9	136	780.2	1519
Xingtai	2017	2236.36	8579	0.9	3746.27	1076.2	161	893.01	1519
Xingtai	2018	2150.76	9190	0.74	4175.75	1148.11	185	1008.58	1623
Xingtai	2019	2120	9281	0.93	4703.92	1245.1	196	1003.35	1681
Xingtai	2020	2200	22814	0.83	3230.59	979.09	207	1065.6	1743
Xingtai	2021	2427.1	22814	0.83	3230.59	979.09	207	1065.6	1768
Liaocheng	2010	1622.38	14093	1.32	1232.43	558.6	34	449.17	473
Liaocheng	2011	1919.42	14747	1.42	1358.1	629.96	47	575.83	513
Liaocheng	2012	2146.75	15063	1.42	1673.72	724.34	54	699.87	557
Liaocheng	2013	2365.87	15711	2.23	1930.94	820.82	61	820.57	381
Liaocheng	2014	2516.4	15891	2.28	2270.43	959.56	63	909.38	658
Liaocheng	2015	2663.62	15578	2.09	2571.93	1060.21	73	986.98	736
Liaocheng	2016	2859.18	17051	1.97	3032.48	1173.14	113	1106.41	962
Liaocheng	2017	3064.06	20054	2.01	3246.61	1278.83	121	1196.98	790
Liaocheng	2018	3152.15	22572	1.64	3489.1	1334.35	143	1293.73	804
Liaocheng	2019	2260	18666	1	3881.86	1414.41	156	1135.34	1392
Liaocheng	2020	2317	19328	0.95	4270.51	801.04	166	1187.99	1571
Liaocheng	2021	2642.52	22197	1.04	4898.85	917.55	186	1299.84	1780
Anyang	2010	1315.59	16911	0.87	995.51	345.32	41	342.9	1773
Anyang	2011	1486.61	20177	0.96	1162.43	406.66	48	400.6	1801
Anyang	2012	1566.9	22587	0.88	1353.07	469.11	57	480.8	1889
Anyang	2013	1683.65	25360	1.38	1584.52	532.69	68	523.4	2115
Anyang	2014	1791.81	9580	1.5	1793.94	598.46	84	524.3	2263
Anyang	2015	1884.48	12199	1.46	1994.95	675.52	93	659.7	2351
Anyang	2016	2029.85	9472	1.43	2196.54	662.6	105	761.5	2392
Anyang	2017	2268	11644	1.29	2473.03	839.48	130	964.35	2376
Anyang	2018	2393.22	16597	1.26	2701.2	877.7	151	1093.6	2424
Anyang	2019	2300.5	17647	0.98	2916.5	954.3	159	1032.9	2908
Anyang	2020	2300.5	12629	1.01	3292.23	856.44	172	1052.9	3157
Anyang	2021	2435.5	17845	1.01	3576.87	908	172	1135.6	3271
Puyang	2010	775.4	3237	0.91	588.92	230.66	19	151.86	898
Puyang	2011	897.34	3867	0.57	680.95	274.56	25	174.93	954
Puyang	2012	989.7	4451	0.45	836.89	318.36	28	207.41	964
Puyang	2013	1130.48	5071	0.73	971.49	365.34	32	233.75	965
Puyang	2014	1253.61	4350	0.64	1059.14	412.29	51	254.73	996
Puyang	2015	1328.34	3365	0.96	1165.31	470.68	68	421.65	1020
Puyang	2016	1449.56	6080	0.93	1338.17	529.96	126	474.68	1090
Puyang	2017	1620.56	5576	1	1512.19	594.18	88	568.69	1119
Puyang	2018	1645.47	5918	0.88	1685.66	616.53	108	653.01	1300
Puyang	2019	1581	6481	1.04	1877.65	677.38	103	817.48	1491
Puyang	2020	1650	7710	0.87	2058.65	567	123	826.72	1531
Puyang	2021	1771.54	6245	0.87	2249.21	722.59	136	899.31	1586
Changzhi	2010	920.23	5437	1.06	1367.63	272.6	30	278.3	538
Changzhi	2011	1218.6	5597	1.12	1574.2	321.02	37	342.3	566
Changzhi	2012	1328.61	6450	1.07	1724.05	372.61	45	380.2	596
Changzhi	2013	1333.72	7391	1.16	1847.98	425.82	50	410	648
Changzhi	2014	1331.14	8085	1.32	1945.94	476.9	55	496.4	668
Changzhi	2015	1195.34	7959	1.3	2044.17	524.4	55	525.6	723
Changzhi	2016	1270.48	8713	1.27	2122.2	566.6	55	562.2	816
Changzhi	2017	1477.5	8802	1.21	2390.4	607.8	67	621.3	884
Changzhi	2018	1645.63	9112	1.04	2683	664.6	90	690	925
Changzhi	2019	1640	9501	0.94	2965	715.1	99	713.6	991
Changzhi	2020	1712	19328	0.92	3318.4	579.04	107	751.5	1127
Changzhi	2021	2311.1	19328	0.92	3775	667.1	117	835.3	1311
Jinzhong	2010	763.8	6542	0.72	1245.6	277.6	30	279.2	616
Jinzhong	2011	890.2	7201	0.81	1449.1	325.4	41	328.2	616
Jinzhong	2012	985.9	8337	0.85	1681.8	377.3	43	364	769
Jinzhong	2013	1020.4	9152	0.84	1836.7	429.5	53	435.8	810
Jinzhong	2014	1041.3	9152	1.13	1909.8	484.3	61	443.9	850
Jinzhong	2015	1046.1	10363	1.03	2050.2	529.7	59	482.1	965
Jinzhong	2016	1091.1	11021	1.01	2366.1	569.2	69	468.2	1095
Jinzhong	2017	1284.9	12522	0.99	2571.6	607.3	72	578.3	1273
Jinzhong	2018	1447.6	13122	0.95	2815.5	656.3	77	645.7	1451
Jinzhong	2019	1460	13722	1.06	2976.1	709.2	73	690.3	1529
Jinzhong	2020	1468.8	14022	1.13	3305.4	597.4	119	698.8	1629
Jinzhong	2021	1843.4	16101	1.09	3639.4	683.1	136	750.9	1701
Note：The unit of GDP、DFI、RSCG and VTI is 100 million yuan，the unit of VRF is ten thousand tons，TWPE is in units of ten thousand people，the unit of NIIU is ten thousand households and unit of RA is ten thousand square meters.									
